# Data file produced by Principal Components
#	Input raster(s):
#		C:\Users\jhanson\Downloads\birds\bioclim\composite\bio_comp.tif
#	The number of components = 19
#	Output raster(s):
#		C:\Users\jhanson\Downloads\birds\bioclim\pca.tif


#                    COVARIANCE MATRIX

#    Layer             1             2             3             4             5             6             7             8             9            10            11            12            13            14            15            16            17            18            19
#  --------------------------------------------------------------------------
        1          212.27268     -37.49075      22.70794   -6000.50906     123.52454     294.24479    -170.72025     112.83591     268.08721     130.35591     286.08693     694.24648     444.54910     -71.21551     232.93457    1113.56640    -256.91643     459.52147    -270.98616
        2          -37.49075     111.35896     -17.01454    6483.44015      96.98410    -182.77099     279.75509      40.35304    -104.10441      41.02220    -123.55924   -2045.46144    -487.56030      -7.39911     -63.70766   -1381.47366     -21.69919    -879.80133     -46.36679
        3           22.70794     -17.01454       8.35887   -2186.03978     -12.79512      57.37544     -70.17057      -5.40495      41.75762      -5.42366      50.73568     519.69298     151.78712      -3.96026      38.87230     409.34741     -16.98924     243.95261     -16.69383
        4        -6000.50906    6483.44015   -2186.03978  643426.23455    5312.62413  -17027.32091   22339.94505    2182.25821  -11731.44828    2223.91164  -14278.07346 -162481.38678  -44902.15323     650.11206  -10413.00060 -121938.29516    2944.20177  -75860.35267    2190.43912
        5          123.52454      96.98410     -12.79512    5312.62413     249.08599       0.77465     248.31135     165.15998      78.56988     186.25560      51.75209   -2362.00251    -345.44833     -70.80326      71.68205   -1059.11668    -246.35684    -950.20771    -283.61094
        6          294.24479    -182.77099      57.37544  -17027.32091       0.77465     595.05331    -594.27866      59.02630     457.85980      76.26653     512.94468    3818.29806    1250.51320     -71.83014     375.91728    3349.50826    -270.55342    1840.12066    -259.87567
        7         -170.72025     279.75509     -70.17057   22339.94505     248.31135    -594.27866     842.59001     106.13368    -379.28992     109.98907    -461.19259   -6180.30057   -1595.96153       1.02689    -304.23523   -4408.62495      24.19658   -2790.32837     -23.73527
        8          112.83591      40.35304      -5.40495    2182.25821     165.15998      59.02630     106.13368     123.67658      96.68140     136.52872      82.04107   -1232.39629    -129.55841     -52.67888      77.57194    -428.62481    -182.70490    -461.88687    -202.12611
        9          268.08721    -104.10441      41.75762  -11731.44828      78.56988     457.85980    -379.28992      96.68140     414.18003     114.88776     416.85960    2211.85851     861.74389     -79.86253     320.55453    2258.62838    -290.66203    1159.71066    -287.93838
       10          130.35591      41.02220      -5.42366    2223.91164     186.25560      76.26653     109.98907     136.52872     114.88776     155.02998      99.18403   -1321.07814    -121.79874     -60.76477      91.76416    -416.11589    -212.21182    -500.74712    -234.81353
       11          286.08693    -123.55924      50.73568  -14278.07346      51.75209     512.94468    -461.19259      82.04107     416.85960      99.18403     466.90423    2821.38367    1026.29065     -78.26220     362.03754    2698.51790    -290.40292    1441.64493    -293.93244
       12          694.24648   -2045.46144     519.69298 -162481.38678   -2362.00251    3818.29806   -6180.30057   -1232.39629    2211.85851   -1321.07814    2821.38367   55563.20755   13031.46685     390.13393    1691.40934   36549.07080    1150.59162   24100.91057    1689.77847
       13          444.54910    -487.56030     151.78712  -44902.15323    -345.44833    1250.51320   -1595.96153    -129.55841     861.74389    -121.79874    1026.29065   13031.46685    3558.14196     -31.69932     738.60735    9709.00803    -179.69112    5919.58391    -106.35953
       14          -71.21551      -7.39911      -3.96026     650.11206     -70.80326     -71.83014       1.02689     -52.67888     -79.86253     -60.76477     -78.26220     390.13393     -31.69932      37.94398     -75.10262     -38.77675     131.45119     100.29445     145.13550
       15          232.93457     -63.70766      38.87230  -10413.00060      71.68205     375.91728    -304.23523      77.57194     320.55453      91.76416     362.03754    1691.40934     738.60735     -75.10262     321.72377    1878.31146    -277.60641     981.52688    -293.22565
       16         1113.56640   -1381.47366     409.34741 -121938.29516   -1059.11668    3349.50826   -4408.62495    -428.62481    2258.62838    -416.11589    2698.51790   36549.07080    9709.00803     -38.77675    1878.31146   26767.44867    -320.73324   16404.11156     -91.99679
       17         -256.91643     -21.69919     -16.98924    2944.20177    -246.35684    -270.55342      24.19658    -182.70490    -290.66203    -212.21182    -290.40292    1150.59162    -179.69112     131.45119    -277.60641    -320.73324     468.04527     258.30886     521.50723
       18          459.52147    -879.80133     243.95261  -75860.35267    -950.20771    1840.12066   -2790.32837    -461.88687    1159.71066    -500.74712    1441.64493   24100.91057    5919.58391     100.29445     981.52688   16404.11156     258.30886   11197.71101     474.79252
       19         -270.98616     -46.36679     -16.69383    2190.43912    -283.61094    -259.87567     -23.73527    -202.12611    -287.93838    -234.81353    -293.93244    1689.77847    -106.35953     145.13550    -293.22565     -91.99679     521.50723     474.79252     598.77757
#  ==========================================================================


#                    CORRELATION MATRIX

#    Layer             1             2             3             4             5             6             7             8             9            10            11            12            13            14            15            16            17            18            19
#  --------------------------------------------------------------------------
        1            1.00000      -0.24385       0.53908      -0.51344       0.53719       0.82791      -0.40367       0.69640       0.90414       0.71858       0.90873       0.20215       0.51152      -0.79352       0.89134       0.46716      -0.81508       0.29805      -0.76009
        2           -0.24385       1.00000      -0.55768       0.76594       0.58232      -0.71001       0.91329       0.34385      -0.48474       0.31221      -0.54187      -0.82231      -0.77456      -0.11383      -0.33658      -0.80016      -0.09505      -0.78788      -0.17956
        3            0.53908      -0.55768       1.00000      -0.94262      -0.28041       0.81353      -0.83613      -0.16810       0.70969      -0.15066       0.81213       0.76257       0.88014      -0.22237       0.74959       0.86540      -0.27162       0.79738      -0.23597
        4           -0.51344       0.76594      -0.94262       1.00000       0.41965      -0.87020       0.95945       0.24463      -0.71863       0.22267      -0.82377      -0.85933      -0.93844       0.13157      -0.72374      -0.92915       0.16966      -0.89372       0.11160
        5            0.53719       0.58232      -0.28041       0.41965       1.00000       0.00201       0.54202       0.94099       0.24462       0.94782       0.15175      -0.63491      -0.36694      -0.72829       0.25322      -0.41017      -0.72152      -0.56896      -0.73437
        6            0.82791      -0.71001       0.81353      -0.87020       0.00201       1.00000      -0.83927       0.21758       0.92227       0.25110       0.97315       0.66405       0.85941      -0.47803       0.85916       0.83927      -0.51266       0.71286      -0.43537
        7           -0.40367       0.91329      -0.83613       0.95945       0.54202      -0.83927       1.00000       0.32878      -0.64205       0.30432      -0.73529      -0.90325      -0.92173       0.00574      -0.58433      -0.92831       0.03853      -0.90841      -0.03342
        8            0.69640       0.34385      -0.16810       0.24463       0.94099       0.21758       0.32878       1.00000       0.42717       0.98599       0.34141      -0.47012      -0.19530      -0.76899       0.38888      -0.23558      -0.75939      -0.39249      -0.74276
        9            0.90414      -0.48474       0.70969      -0.71863       0.24462       0.92227      -0.64205       0.42717       1.00000       0.45339       0.94794       0.46107       0.70986      -0.63706       0.87814       0.67834      -0.66016       0.53851      -0.57819
       10            0.71858       0.31221      -0.15066       0.22267       0.94782       0.25110       0.30432       0.98599       0.45339       1.00000       0.36865      -0.45012      -0.16399      -0.79227       0.41089      -0.20427      -0.78780      -0.38005      -0.77069
       11            0.90873      -0.54187       0.81213      -0.82377       0.15175       0.97315      -0.73529       0.34141       0.94794       0.36865       1.00000       0.55393       0.79624      -0.58799       0.93411       0.76332      -0.62122       0.63049      -0.55591
       12            0.20215      -0.82231       0.76257      -0.85933      -0.63491       0.66405      -0.90325      -0.47012       0.46107      -0.45012       0.55393       1.00000       0.92680       0.26869       0.40005       0.94772       0.22562       0.96622       0.29296
       13            0.51152      -0.77456       0.88014      -0.93844      -0.36694       0.85941      -0.92173      -0.19530       0.70986      -0.16399       0.79624       0.92680       1.00000      -0.08627       0.69034       0.99485      -0.13924       0.93781      -0.07287
       14           -0.79352      -0.11383      -0.22237       0.13157      -0.72829      -0.47803       0.00574      -0.76899      -0.63706      -0.79227      -0.58799       0.26869      -0.08627       1.00000      -0.67974      -0.03848       0.98639       0.15387       0.96287
       15            0.89134      -0.33658       0.74959      -0.72374       0.25322       0.85916      -0.58433       0.38888       0.87814       0.41089       0.93411       0.40005       0.69034      -0.67974       1.00000       0.64006      -0.71539       0.51713      -0.66808
       16            0.46716      -0.80016       0.86540      -0.92915      -0.41017       0.83927      -0.92831      -0.23558       0.67834      -0.20427       0.76332       0.94772       0.99485      -0.03848       0.64006       1.00000      -0.09061       0.94751      -0.02298
       17           -0.81508      -0.09505      -0.27162       0.16966      -0.72152      -0.51266       0.03853      -0.75939      -0.66016      -0.78780      -0.62122       0.22562      -0.13924       0.98639      -0.71539      -0.09061       1.00000       0.11283       0.98511
       18            0.29805      -0.78788       0.79738      -0.89372      -0.56896       0.71286      -0.90841      -0.39249       0.53851      -0.38005       0.63049       0.96622       0.93781       0.15387       0.51713       0.94751       0.11283       1.00000       0.18336
       19           -0.76009      -0.17956      -0.23597       0.11160      -0.73437      -0.43537      -0.03342      -0.74276      -0.57819      -0.77069      -0.55591       0.29296      -0.07287       0.96287      -0.66808      -0.02298       0.98511       0.18336       1.00000
#  ==========================================================================


#                 EIGENVALUES AND EIGENVECTORS

# Number of Input Layers     Number of Principal Component Layers
           19                             19
# PC Layer             1             2             3             4             5             6             7             8             9            10            11            12            13            14            15            16            17            18            19
#  --------------------------------------------------------------------------
# Eigenvalues
               7.237027e+005 1.792137e+004 2.550171e+003 5.354922e+002 2.111395e+002 1.054856e+002 3.073110e+001 2.463536e+001 1.594116e+001 1.048214e+001 4.041060e+000 2.755754e+000 1.551371e+000 6.151441e-001 4.014065e-001 1.073590e-001 5.124663e-002 2.485606e-002 -1.458806e-008
# Eigenvectors
# Input Layer
        1      -8.474948e-003 -5.134291e-002 1.870640e-001 4.773859e-002 3.042409e-001 1.107832e-001 1.734905e-001 1.109222e-001 -4.682283e-003 -6.540176e-002 1.377364e-001 -1.010463e-001 -4.425378e-001 2.165268e-001 1.105874e-001 -5.381651e-001 2.241462e-001 4.295169e-001 1.014210e-007
        2      9.687757e-003 -2.163573e-002 8.140395e-003 5.876537e-002 -1.387182e-001 5.104135e-001 -1.500740e-001 1.409035e-001 -5.494412e-003 2.026607e-002 4.142349e-002 -3.880121e-002 1.580593e-001 5.405955e-001 3.865131e-001 5.365905e-003 -4.510011e-001 -8.124448e-003 -8.492792e-008
        3      -3.184589e-003 -3.017296e-003 3.445516e-003 -4.761349e-003 -2.414122e-002 5.380901e-002 -4.604674e-002 6.348716e-002 -8.577193e-003 3.888377e-002 9.726716e-003 3.116644e-002 2.027835e-001 3.132964e-001 2.626785e-001 4.055435e-001 7.778134e-001 9.965213e-002 1.660904e-007
        4      9.416221e-001 3.092921e-001 1.235696e-001 2.116534e-002 3.115258e-003 -2.736297e-002 6.089262e-003 -1.337267e-002 -1.556336e-002 -1.862850e-003 7.284771e-003 7.658684e-003 -5.203240e-004 1.483861e-002 1.344338e-002 -5.025329e-003 1.688404e-003 -1.441667e-002 -4.085390e-010
        5      8.167811e-003 -5.781840e-002 2.146907e-001 3.270624e-002 2.091816e-001 3.256226e-001 1.269626e-002 1.632942e-001 1.944951e-001 1.353506e-001 -3.019416e-001 3.714916e-001 2.726195e-001 -2.223577e-001 -7.590560e-002 -1.389867e-001 6.790463e-002 2.654939e-002 -5.773503e-001
        6      -2.478084e-002 -3.604258e-002 1.866826e-001 -3.284269e-002 3.650114e-001 -2.691709e-001 1.885201e-001 3.021588e-002 1.067515e-001 1.063043e-001 -1.821576e-001 3.495683e-001 3.794465e-001 9.752808e-002 1.672792e-001 -1.062891e-001 -1.218218e-001 3.158950e-002 5.773503e-001
        7      3.294865e-002 -2.177582e-002 2.800804e-002 6.554893e-002 -1.558298e-001 5.947934e-001 -1.758239e-001 1.330783e-001 8.774355e-002 2.904627e-002 -1.197840e-001 2.192328e-002 -1.068269e-001 -3.198857e-001 -2.431849e-001 -3.269758e-002 1.897261e-001 -5.040264e-003 5.773503e-001
        8      3.446135e-003 -3.916278e-002 1.605353e-001 4.205580e-002 2.847211e-001 8.601769e-002 1.223661e-001 1.348805e-001 8.004537e-002 -1.057675e-002 2.075270e-001 -7.291813e-001 4.817418e-001 -1.439456e-001 -1.222195e-001 1.382475e-002 -6.323219e-003 -5.157057e-003 -9.468708e-009
        9      -1.690790e-002 -4.957222e-002 2.046143e-001 4.285424e-002 3.950989e-001 -2.259533e-002 -7.863148e-001 -3.563173e-001 -1.099898e-001 -4.012633e-002 1.849592e-001 5.343952e-002 6.023400e-003 -2.869540e-002 7.054874e-003 -1.240834e-003 2.255951e-004 -1.409307e-003 1.435498e-011
       10      3.530918e-003 -4.367205e-002 1.891313e-001 2.342434e-002 2.959604e-001 6.881513e-002 1.371059e-001 1.094310e-001 1.103996e-001 1.352901e-002 1.605329e-002 4.567378e-002 -3.364267e-001 -3.851181e-002 -1.081412e-001 7.111200e-001 -2.735880e-001 3.421142e-001 -4.131681e-008
       11      -2.060657e-002 -5.310057e-002 1.852429e-001 3.393219e-002 2.994986e-001 8.401665e-002 1.514386e-001 1.119613e-001 4.755250e-002 -1.803376e-002 5.038636e-002 -3.072016e-003 -3.243644e-001 1.353791e-001 3.820314e-002 5.515549e-002 9.784026e-002 -8.284403e-001 -4.998606e-008
       12      -2.450279e-001 8.190270e-001 -1.365075e-001 -2.347708e-001 2.256184e-001 1.148374e-001 -1.123786e-002 1.619578e-001 -2.789892e-001 1.469954e-001 4.879280e-002 3.700293e-002 7.100731e-003 -3.706104e-002 -1.674499e-002 8.420983e-004 -7.666991e-003 -3.377402e-004 -1.954088e-009
       13      -6.672953e-002 8.825363e-002 2.607269e-001 -4.241130e-003 -1.369109e-001 1.562812e-001 2.400442e-001 -6.439437e-001 7.572844e-002 6.191601e-001 3.502928e-002 -9.709899e-002 -5.167861e-002 3.348296e-002 2.247927e-002 4.351022e-004 1.618154e-002 -6.233071e-004 3.490279e-009
       14      7.193847e-004 3.332179e-002 -7.780040e-002 -1.278410e-002 6.007649e-003 5.771649e-002 6.319144e-002 -6.672287e-002 1.731718e-001 -6.898540e-002 3.463834e-001 2.392496e-001 1.606731e-001 4.714433e-001 -7.203167e-001 -3.521173e-002 2.656843e-002 3.814929e-003 -2.108495e-009
       15      -1.487072e-002 -5.982982e-002 1.627978e-001 1.251649e-001 2.689142e-002 2.516575e-001 3.389574e-001 -3.215041e-001 -6.260171e-001 -4.669164e-001 3.181710e-002 1.551338e-001 1.578041e-001 -8.907170e-002 -7.590292e-003 6.174446e-002 4.035428e-003 2.974699e-003 1.304649e-010
       16      -1.817582e-001 3.097736e-001 6.549383e-001 -1.589532e-001 -3.586089e-001 -1.176415e-001 -6.961692e-002 -6.045388e-003 3.025613e-001 -4.120129e-001 -6.955908e-002 -4.202208e-002 -3.682958e-003 3.563275e-002 1.586345e-002 -5.744968e-003 7.668498e-004 -5.506808e-004 6.741311e-010
       17      3.531050e-003 1.136744e-001 -2.898432e-001 -3.392481e-002 9.415554e-002 1.674402e-001 1.478346e-001 -2.309561e-001 4.938805e-001 -2.651496e-001 4.849460e-001 1.888297e-001 4.276585e-002 -2.843046e-001 3.491171e-001 7.733947e-003 8.186844e-003 -9.450019e-003 7.255071e-009
       18      -1.135957e-001 2.778282e-001 -3.239139e-003 9.404779e-001 -4.113504e-002 -1.221434e-001 -1.217718e-002 4.056674e-002 7.745536e-002 1.920109e-002 -7.201084e-003 2.220650e-002 6.061208e-003 1.572766e-003 4.478069e-003 3.240951e-003 3.077061e-003 9.897055e-004 7.597900e-010
       19      2.267108e-003 1.343013e-001 -3.131705e-001 -1.288305e-002 2.496052e-001 1.025965e-001 1.129882e-002 -3.807183e-001 2.506757e-001 -3.048568e-001 -6.290695e-001 -2.447301e-001 -5.018234e-002 2.123049e-001 -7.949303e-002 9.592845e-003 1.814790e-002 9.166264e-003 2.432064e-009
#  ==========================================================================

#                 PERCENT AND ACCUMULATIVE EIGENVALUES

# PC Layer   EigenValue   Percent of EigenValues   Accumulative of EigenValues
        1 7.237027e+005          97.1260               97.1260
        2 1.792137e+004           2.4052               99.5311
        3 2.550171e+003           0.3423               99.8734
        4 5.354922e+002           0.0719               99.9452
        5 2.111395e+002           0.0283               99.9736
        6 1.054856e+002           0.0142               99.9877
        7 3.073110e+001           0.0041               99.9919
        8 2.463536e+001           0.0033               99.9952
        9 1.594116e+001           0.0021               99.9973
       10 1.048214e+001           0.0014               99.9987
       11 4.041060e+000           0.0005               99.9993
       12 2.755754e+000           0.0004               99.9996
       13 1.551371e+000           0.0002               99.9998
       14 6.151441e-001           0.0001               99.9999
       15 4.014065e-001           0.0001              100.0000
       16 1.073590e-001           0.0000              100.0000
       17 5.124663e-002           0.0000              100.0000
       18 2.485606e-002           0.0000              100.0000
       19 -1.458806e-008          -0.0000              100.0000
#  ==========================================================================
